1 1 1000 1000 0.20 15.00
5 1 1000 1000 0.20 15.00
10 1 1000 1000 0.20 15.00
20 1 1000 1000 0.20 15.00
30 1 1000 1000 0.20 15.00
40 1 1000 1000 0.20 15.00
50 1 1000 1000 0.20 15.00
60 1 1000 1000 0.20 15.00
70 1 1000 1000 0.20 15.00
80 1 1000 1000 0.20 15.00
90 1 1000 1000 0.20 15.00
100 1 1000 1000 0.20 15.00
30 1 1 1 0.20 15.00
30 1 5 5 0.20 15.00
30 1 10 10 0.20 15.00
30 1 20 20 0.20 15.00
30 1 50 50 0.20 15.00
30 1 100 100 0.20 15.00
30 1 300 300 0.20 15.00
30 1 500 500 0.20 15.00
30 1 1000 1000 0.20 15.00
30 1 1200 1200 0.20 15.00
30 1 1500 1500 0.20 15.00
30 1 2000 2000 0.20 15.00
30 1 1000 1000 0.10 15.00
30 1 1000 1000 0.20 15.00
30 1 1000 1000 0.30 15.00
30 1 1000 1000 0.40 15.00
30 1 1000 1000 0.50 15.00
30 1 1000 1000 0.60 15.00
30 1 1000 1000 0.70 15.00
30 1 1000 1000 0.80 15.00
30 1 1000 1000 0.90 15.00
