5 2 5 20 0.50 6.00
10 4 5 20 0.50 20.00
10 8 10 10 0.50 20.00
5 1 5 20 0.90 15.00
5 2 5 10 0.90 20.00
5 4 1 5 0.50 15.00
5 4 1 20 0.90 6.00
5 4 10 10 0.30 15.00
5 2 5 20 0.90 6.00
20 4 10 10 0.50 20.00
20 2 1 5 0.50 15.00
5 4 5 10 0.30 6.00
10 4 1 20 0.30 6.00
10 4 5 10 0.90 6.00
20 2 1 5 0.90 20.00
10 8 5 5 0.90 20.00
20 4 1 5 0.50 6.00
20 8 5 20 0.50 20.00
10 2 1 5 0.50 15.00
20 4 5 5 0.30 15.00
10 1 10 20 0.30 20.00
10 2 1 5 0.90 20.00
20 2 5 10 0.50 20.00
10 1 5 10 0.50 6.00
20 1 1 5 0.90 6.00
5 1 1 10 0.30 6.00
20 4 5 10 0.50 15.00
10 2 1 20 0.30 15.00
20 1 5 20 0.90 20.00
5 4 5 10 0.50 15.00
20 8 10 10 0.50 6.00
10 1 5 20 0.50 6.00
10 2 10 10 0.50 20.00
10 8 10 10 0.30 15.00
5 4 5 5 0.90 15.00
5 1 5 10 0.30 20.00
20 2 10 20 0.90 6.00
5 1 10 10 0.30 20.00
10 2 10 10 0.90 6.00
5 2 1 20 0.30 20.00
5 1 1 5 0.50 15.00
10 8 1 20 0.50 6.00
10 8 1 20 0.50 15.00
10 4 1 20 0.90 6.00
20 4 1 20 0.50 6.00
20 4 5 10 0.90 20.00
10 4 5 5 0.30 20.00
20 8 5 20 0.30 20.00
5 4 1 5 0.30 15.00
20 4 10 20 0.30 15.00
20 1 1 5 0.50 20.00
10 8 5 10 0.90 15.00
20 4 10 10 0.50 6.00
20 8 5 20 0.50 15.00
20 2 1 20 0.30 20.00
20 1 1 10 0.30 15.00
20 2 1 5 0.30 6.00
20 1 1 20 0.30 20.00
10 4 1 20 0.50 15.00
20 1 10 20 0.90 15.00
20 8 10 20 0.50 20.00
5 4 5 5 0.30 6.00
20 4 10 20 0.90 6.00
10 4 1 20 0.30 20.00
10 4 10 10 0.30 20.00
10 4 1 10 0.30 20.00
10 2 10 10 0.30 15.00
10 4 10 10 0.50 6.00
10 8 5 10 0.50 15.00
10 1 1 10 0.90 20.00
20 2 10 10 0.90 6.00
20 1 5 10 0.30 6.00
20 8 10 20 0.30 15.00
20 1 5 10 0.50 20.00
20 2 1 20 0.50 6.00
20 2 5 5 0.50 6.00
5 4 10 20 0.50 15.00
10 2 1 20 0.30 6.00
5 1 1 5 0.50 6.00
10 1 1 10 0.30 6.00
20 8 1 20 0.90 20.00
5 4 10 20 0.90 15.00
10 1 1 10 0.50 20.00
10 8 10 10 0.90 20.00
10 8 10 10 0.30 20.00
5 1 1 5 0.90 15.00
20 1 1 20 0.30 6.00
20 1 1 5 0.50 15.00
10 4 5 10 0.30 20.00
20 1 1 20 0.50 15.00
20 1 10 10 0.50 6.00
10 8 1 10 0.90 6.00
10 8 1 20 0.50 20.00
20 8 1 10 0.50 15.00
20 8 5 10 0.50 20.00
5 4 5 20 0.90 20.00
10 4 10 20 0.50 20.00
20 8 1 10 0.30 6.00
20 4 10 20 0.90 20.00
20 8 10 10 0.90 20.00
5 4 1 10 0.50 6.00
10 4 5 5 0.30 15.00
5 2 10 20 0.90 6.00
5 1 1 5 0.50 20.00
10 4 5 20 0.50 15.00
5 1 1 10 0.90 15.00
5 2 1 5 0.50 6.00
5 1 5 20 0.50 6.00
10 1 1 20 0.90 6.00
10 2 5 20 0.30 15.00
5 4 10 10 0.50 6.00
5 1 10 10 0.90 20.00
20 8 5 5 0.90 15.00
5 4 10 10 0.50 15.00
5 2 1 10 0.90 15.00
20 1 1 5 0.30 15.00
20 2 5 5 0.30 6.00
5 4 10 10 0.90 20.00
20 1 5 5 0.90 15.00
20 2 10 10 0.30 20.00
20 4 5 20 0.90 6.00
10 2 5 10 0.50 15.00
20 1 1 5 0.30 6.00
5 4 5 5 0.50 6.00
10 4 5 5 0.90 15.00
5 4 5 10 0.30 15.00
10 4 10 10 0.90 20.00
5 2 5 5 0.30 20.00
20 2 10 20 0.90 20.00
20 8 5 20 0.90 6.00
20 4 1 10 0.50 15.00
20 4 5 5 0.50 6.00
10 2 5 20 0.90 20.00
10 1 10 10 0.50 15.00
20 1 5 20 0.30 15.00
10 4 1 5 0.90 20.00
10 2 1 10 0.90 6.00
10 4 1 10 0.90 15.00
20 4 5 5 0.30 20.00
5 2 1 10 0.30 20.00
5 4 1 10 0.50 20.00
10 4 1 10 0.90 20.00
20 4 10 20 0.50 20.00
5 1 5 10 0.30 15.00
20 4 1 10 0.30 20.00
10 8 5 5 0.30 20.00
20 8 10 10 0.90 6.00
20 2 1 5 0.90 15.00
5 2 1 20 0.50 20.00
10 1 1 10 0.90 6.00
20 4 1 5 0.30 6.00
20 8 5 5 0.90 20.00
10 4 1 5 0.30 20.00
20 2 1 10 0.50 6.00
5 1 1 20 0.90 15.00
20 4 5 10 0.30 20.00
10 2 5 5 0.90 6.00
10 8 1 5 0.30 20.00
5 1 1 20 0.90 20.00
10 1 5 10 0.30 15.00
10 2 5 5 0.30 20.00
5 1 1 10 0.50 6.00
20 1 5 10 0.90 6.00
10 1 5 10 0.50 20.00
20 2 10 20 0.50 20.00
10 2 10 20 0.30 20.00
20 1 5 20 0.50 6.00
10 8 5 5 0.30 6.00
20 4 10 10 0.30 6.00
5 1 5 10 0.90 20.00
5 1 5 5 0.50 15.00
5 1 5 20 0.30 6.00
10 1 1 5 0.90 6.00
20 2 1 10 0.50 15.00
20 8 5 10 0.50 6.00
20 2 5 10 0.30 15.00
20 8 10 10 0.50 20.00
10 4 10 10 0.30 15.00
10 1 5 10 0.50 15.00
10 8 1 10 0.30 6.00
5 4 10 10 0.90 15.00
20 1 1 20 0.90 6.00
20 8 5 10 0.30 15.00
5 4 1 10 0.90 6.00
10 4 1 10 0.30 15.00
5 2 5 20 0.50 15.00
5 1 5 10 0.50 20.00
20 1 1 5 0.50 6.00
20 4 1 20 0.90 20.00
10 2 1 10 0.30 15.00
20 2 1 20 0.50 15.00
5 4 5 10 0.90 6.00
10 2 5 20 0.50 15.00
10 2 10 20 0.90 6.00
5 1 5 10 0.50 15.00
10 4 5 10 0.30 15.00
20 1 5 5 0.90 6.00
10 1 5 20 0.90 20.00
10 8 10 20 0.90 20.00
20 4 5 5 0.30 6.00
10 4 1 20 0.50 6.00
20 4 5 20 0.50 6.00
10 8 5 20 0.30 15.00
10 1 1 20 0.50 20.00
20 4 5 10 0.30 15.00
20 8 1 5 0.30 20.00
10 8 1 10 0.50 15.00
5 2 1 5 0.90 6.00
20 2 1 5 0.30 15.00
20 1 1 10 0.90 6.00
20 8 5 20 0.90 20.00
20 2 1 20 0.30 6.00
20 4 10 20 0.50 6.00
10 8 1 10 0.90 15.00
20 4 5 5 0.50 15.00
20 2 5 20 0.50 15.00
10 2 5 20 0.50 6.00
20 2 1 20 0.90 20.00
20 8 10 10 0.30 20.00
20 4 5 5 0.50 20.00
20 2 10 10 0.50 6.00
20 1 10 20 0.90 6.00
20 1 5 20 0.30 6.00
10 1 10 20 0.30 6.00
20 2 10 10 0.90 15.00
10 4 5 10 0.50 20.00
10 4 10 20 0.90 15.00
20 1 10 20 0.90 20.00
10 1 1 10 0.50 15.00
20 2 5 10 0.90 6.00
10 4 1 5 0.30 6.00
20 8 5 5 0.90 6.00
20 4 5 20 0.30 15.00
5 1 10 20 0.90 20.00
5 2 1 20 0.30 15.00
5 2 1 20 0.90 6.00
20 4 5 10 0.50 6.00
10 4 5 20 0.90 20.00
10 1 1 5 0.30 15.00
20 4 10 20 0.30 20.00
5 1 10 20 0.30 20.00
5 4 5 10 0.90 20.00
5 1 10 20 0.50 20.00
5 2 5 20 0.30 15.00
5 2 10 10 0.50 6.00
5 1 1 5 0.90 6.00
5 2 1 10 0.50 20.00
5 1 5 5 0.90 20.00
20 1 10 20 0.30 15.00
20 4 10 10 0.30 20.00
5 4 5 20 0.30 20.00
10 1 10 20 0.50 15.00
20 8 5 10 0.90 6.00
5 4 5 10 0.30 20.00
20 4 5 10 0.90 15.00
10 2 5 10 0.50 20.00
5 2 5 5 0.90 6.00
5 4 5 5 0.90 20.00
20 1 5 10 0.90 15.00
10 2 1 10 0.30 20.00
10 1 1 5 0.50 15.00
20 2 5 5 0.30 15.00
20 4 1 20 0.30 20.00
20 2 1 20 0.90 15.00
5 2 1 5 0.50 20.00
10 8 5 20 0.30 20.00
5 1 10 10 0.50 15.00
10 2 1 10 0.50 6.00
5 2 1 5 0.30 15.00
10 2 1 20 0.50 20.00
20 4 5 20 0.30 6.00
5 2 10 20 0.50 15.00
10 4 5 5 0.90 20.00
5 2 10 20 0.90 20.00
20 1 5 10 0.30 15.00
10 2 10 20 0.50 15.00
5 4 10 20 0.90 6.00
20 1 10 20 0.50 15.00
20 2 5 10 0.30 6.00
10 1 5 10 0.90 20.00
20 2 5 20 0.50 6.00
10 8 5 20 0.90 20.00
10 2 5 20 0.30 6.00
10 2 10 20 0.90 15.00
5 2 10 10 0.50 15.00
20 4 1 20 0.30 6.00
5 2 5 10 0.30 15.00
5 1 10 20 0.30 6.00
20 8 5 20 0.50 6.00
10 2 10 10 0.90 20.00
10 4 10 10 0.90 15.00
20 1 5 5 0.30 6.00
10 8 5 20 0.90 6.00
10 1 5 20 0.90 6.00
20 8 10 10 0.50 15.00
20 4 5 20 0.90 15.00
20 1 5 10 0.90 20.00
20 2 5 5 0.50 15.00
20 1 10 20 0.30 6.00
10 8 1 5 0.50 6.00
