86.01 20 8 5 10 0.30 15.00
86.01 20 8 10 20 0.30 15.00
86.01 20 4 5 5 0.30 15.00
86.01 20 4 5 20 0.30 15.00
86.01 20 4 5 10 0.30 15.00
86.01 20 4 10 20 0.30 15.00
86.01 20 2 5 5 0.30 15.00
86.01 20 2 5 10 0.30 15.00
86.01 20 2 1 5 0.30 15.00
86.01 20 1 5 20 0.30 15.00
86.01 20 1 5 10 0.30 15.00
86.01 20 1 10 20 0.30 15.00
86.01 20 1 1 5 0.30 15.00
86.01 20 1 1 10 0.30 15.00
86.01 10 8 5 20 0.30 15.00
86.01 10 8 10 10 0.30 15.00
86.01 10 4 5 5 0.30 15.00
86.01 10 4 5 10 0.30 15.00
86.01 10 4 10 10 0.30 15.00
86.01 10 4 1 10 0.30 15.00
86.01 10 2 5 20 0.30 15.00
86.01 10 2 10 10 0.30 15.00
86.01 10 2 1 20 0.30 15.00
86.01 10 2 1 10 0.30 15.00
86.01 10 1 5 10 0.30 15.00
86.01 10 1 1 5 0.30 15.00
85.66 20 8 5 20 0.30 20.00
85.66 20 8 10 10 0.30 20.00
85.66 20 8 1 5 0.30 20.00
85.66 20 4 5 5 0.30 20.00
85.66 20 4 5 10 0.30 20.00
85.66 20 4 10 20 0.30 20.00
85.66 20 4 10 10 0.30 20.00
85.66 20 4 1 20 0.30 20.00
85.66 20 4 1 10 0.30 20.00
85.66 20 2 10 10 0.30 20.00
85.66 20 2 1 20 0.30 20.00
85.66 20 1 1 20 0.30 20.00
85.66 10 8 5 5 0.30 20.00
85.66 10 8 5 20 0.30 20.00
85.66 10 8 10 10 0.30 20.00
85.66 10 8 1 5 0.30 20.00
85.66 10 4 5 5 0.30 20.00
85.66 10 4 5 10 0.30 20.00
85.66 10 4 10 10 0.30 20.00
85.66 10 4 1 5 0.30 20.00
85.66 10 4 1 20 0.30 20.00
85.66 10 4 1 10 0.30 20.00
85.66 10 2 5 5 0.30 20.00
85.66 10 2 10 20 0.30 20.00
85.66 10 2 1 10 0.30 20.00
85.66 10 1 10 20 0.30 20.00
85.20 5 4 5 10 0.30 15.00
85.20 5 4 10 10 0.30 15.00
85.20 5 4 1 5 0.30 15.00
85.20 5 2 5 20 0.30 15.00
85.20 5 2 5 10 0.30 15.00
85.20 5 2 1 5 0.30 15.00
85.20 5 2 1 20 0.30 15.00
85.20 5 1 5 10 0.30 15.00
85.03 5 4 5 20 0.30 20.00
85.03 5 4 5 10 0.30 20.00
85.03 5 2 5 5 0.30 20.00
85.03 5 2 1 20 0.30 20.00
85.03 5 2 1 10 0.30 20.00
85.03 5 1 5 10 0.30 20.00
85.03 5 1 10 20 0.30 20.00
85.03 5 1 10 10 0.30 20.00
82.84 20 8 5 20 0.50 15.00
82.84 20 8 10 10 0.50 15.00
82.84 20 8 1 10 0.50 15.00
82.84 20 4 5 5 0.50 15.00
82.84 20 4 5 10 0.50 15.00
82.84 20 4 1 10 0.50 15.00
82.84 20 2 5 5 0.50 15.00
82.84 20 2 5 20 0.50 15.00
82.84 20 2 1 5 0.50 15.00
82.84 20 2 1 20 0.50 15.00
82.84 20 2 1 10 0.50 15.00
82.84 20 1 10 20 0.50 15.00
82.84 20 1 1 5 0.50 15.00
82.84 20 1 1 20 0.50 15.00
82.84 10 8 5 10 0.50 15.00
82.84 10 8 1 20 0.50 15.00
82.84 10 8 1 10 0.50 15.00
82.84 10 4 5 20 0.50 15.00
82.84 10 4 1 20 0.50 15.00
82.84 10 2 5 20 0.50 15.00
82.84 10 2 5 10 0.50 15.00
82.84 10 2 10 20 0.50 15.00
82.84 10 2 1 5 0.50 15.00
82.84 10 1 5 10 0.50 15.00
82.84 10 1 10 20 0.50 15.00
82.84 10 1 10 10 0.50 15.00
82.84 10 1 1 5 0.50 15.00
82.84 10 1 1 10 0.50 15.00
82.15 20 8 5 20 0.50 20.00
82.15 20 8 5 10 0.50 20.00
82.15 20 8 10 20 0.50 20.00
82.15 20 8 10 10 0.50 20.00
82.15 20 4 5 5 0.50 20.00
82.15 20 4 10 20 0.50 20.00
82.15 20 4 10 10 0.50 20.00
82.15 20 2 5 10 0.50 20.00
82.15 20 2 10 20 0.50 20.00
82.15 20 1 5 10 0.50 20.00
82.15 20 1 1 5 0.50 20.00
82.15 10 8 10 10 0.50 20.00
82.15 10 8 1 20 0.50 20.00
82.15 10 4 5 20 0.50 20.00
82.15 10 4 5 10 0.50 20.00
82.15 10 4 10 20 0.50 20.00
82.15 10 2 5 10 0.50 20.00
82.15 10 2 10 10 0.50 20.00
82.15 10 2 1 20 0.50 20.00
82.15 10 1 5 10 0.50 20.00
82.15 10 1 1 20 0.50 20.00
82.15 10 1 1 10 0.50 20.00
81.98 5 4 5 10 0.50 15.00
81.98 5 4 10 20 0.50 15.00
81.98 5 4 10 10 0.50 15.00
81.98 5 4 1 5 0.50 15.00
81.98 5 2 5 20 0.50 15.00
81.98 5 2 10 20 0.50 15.00
81.98 5 2 10 10 0.50 15.00
81.98 5 1 5 5 0.50 15.00
81.98 5 1 5 10 0.50 15.00
81.98 5 1 10 10 0.50 15.00
81.98 5 1 1 5 0.50 15.00
80.71 5 4 1 10 0.50 20.00
80.71 5 2 1 5 0.50 20.00
80.71 5 2 1 20 0.50 20.00
80.71 5 2 1 10 0.50 20.00
80.71 5 1 5 10 0.50 20.00
80.71 5 1 10 20 0.50 20.00
80.71 5 1 1 5 0.50 20.00
80.25 20 8 1 10 0.30 6.00
80.25 20 4 5 5 0.30 6.00
80.25 20 4 5 20 0.30 6.00
80.25 20 4 10 10 0.30 6.00
80.25 20 4 1 5 0.30 6.00
80.25 20 4 1 20 0.30 6.00
80.25 20 2 5 5 0.30 6.00
80.25 20 2 5 10 0.30 6.00
80.25 20 2 1 5 0.30 6.00
80.25 20 2 1 20 0.30 6.00
80.25 20 1 5 5 0.30 6.00
80.25 20 1 5 20 0.30 6.00
80.25 20 1 5 10 0.30 6.00
80.25 20 1 10 20 0.30 6.00
80.25 20 1 1 5 0.30 6.00
80.25 20 1 1 20 0.30 6.00
80.25 10 8 5 5 0.30 6.00
80.25 10 8 1 10 0.30 6.00
80.25 10 4 1 5 0.30 6.00
80.25 10 4 1 20 0.30 6.00
80.25 10 2 5 20 0.30 6.00
80.25 10 2 1 20 0.30 6.00
80.25 10 1 10 20 0.30 6.00
80.25 10 1 1 10 0.30 6.00
79.97 5 4 5 5 0.30 6.00
79.97 5 4 5 10 0.30 6.00
79.97 5 1 5 20 0.30 6.00
79.97 5 1 10 20 0.30 6.00
79.97 5 1 1 10 0.30 6.00
77.55 20 8 5 5 0.90 20.00
77.55 20 8 5 20 0.90 20.00
77.55 20 8 10 10 0.90 20.00
77.55 20 8 1 20 0.90 20.00
77.55 20 4 5 10 0.90 20.00
77.55 20 4 10 20 0.90 20.00
77.55 20 4 1 20 0.90 20.00
77.55 20 2 10 20 0.90 20.00
77.55 20 2 1 5 0.90 20.00
77.55 20 2 1 20 0.90 20.00
77.55 20 1 5 20 0.90 20.00
77.55 20 1 5 10 0.90 20.00
77.55 20 1 10 20 0.90 20.00
77.55 10 8 5 5 0.90 20.00
77.55 10 8 5 20 0.90 20.00
77.55 10 8 10 20 0.90 20.00
77.55 10 8 10 10 0.90 20.00
77.55 10 4 5 5 0.90 20.00
77.55 10 4 5 20 0.90 20.00
77.55 10 4 10 10 0.90 20.00
77.55 10 4 1 5 0.90 20.00
77.55 10 4 1 10 0.90 20.00
77.55 10 2 5 20 0.90 20.00
77.55 10 2 10 10 0.90 20.00
77.55 10 2 1 5 0.90 20.00
77.55 10 1 5 20 0.90 20.00
77.55 10 1 5 10 0.90 20.00
77.55 10 1 1 10 0.90 20.00
77.43 5 4 5 20 0.90 20.00
77.43 5 1 5 10 0.90 20.00
77.43 5 1 10 20 0.90 20.00
77.43 5 1 10 10 0.90 20.00
77.43 5 1 1 20 0.90 20.00
77.32 5 4 5 5 0.90 20.00
77.32 5 4 5 10 0.90 20.00
77.32 5 4 10 10 0.90 20.00
77.32 5 2 5 10 0.90 20.00
77.32 5 2 10 20 0.90 20.00
77.32 5 1 5 5 0.90 20.00
75.59 20 8 5 5 0.90 15.00
75.59 20 4 5 20 0.90 15.00
75.59 20 4 5 10 0.90 15.00
75.59 20 2 10 10 0.90 15.00
75.59 20 2 1 5 0.90 15.00
75.59 20 2 1 20 0.90 15.00
75.59 20 1 5 5 0.90 15.00
75.59 20 1 5 10 0.90 15.00
75.59 20 1 10 20 0.90 15.00
75.59 10 8 5 10 0.90 15.00
75.59 10 8 1 10 0.90 15.00
75.59 10 4 5 5 0.90 15.00
75.59 10 4 10 20 0.90 15.00
75.59 10 4 10 10 0.90 15.00
75.59 10 4 1 10 0.90 15.00
75.59 10 2 10 20 0.90 15.00
75.01 5 4 5 5 0.90 15.00
75.01 5 4 10 20 0.90 15.00
75.01 5 4 10 10 0.90 15.00
75.01 5 2 1 10 0.90 15.00
75.01 5 1 5 20 0.90 15.00
75.01 5 1 1 5 0.90 15.00
75.01 5 1 1 20 0.90 15.00
75.01 5 1 1 10 0.90 15.00
70.12 5 4 5 5 0.50 6.00
70.12 5 4 10 10 0.50 6.00
70.12 5 4 1 10 0.50 6.00
70.12 5 2 5 20 0.50 6.00
70.12 5 2 10 10 0.50 6.00
70.12 5 2 1 5 0.50 6.00
70.12 5 1 5 20 0.50 6.00
70.12 5 1 1 5 0.50 6.00
70.12 5 1 1 10 0.50 6.00
70.12 20 8 5 20 0.50 6.00
70.12 20 8 5 10 0.50 6.00
70.12 20 8 10 10 0.50 6.00
70.12 20 4 5 5 0.50 6.00
70.12 20 4 5 20 0.50 6.00
70.12 20 4 5 10 0.50 6.00
70.12 20 4 10 20 0.50 6.00
70.12 20 4 10 10 0.50 6.00
70.12 20 4 1 5 0.50 6.00
70.12 20 4 1 20 0.50 6.00
70.12 20 2 5 5 0.50 6.00
70.12 20 2 5 20 0.50 6.00
70.12 20 2 10 10 0.50 6.00
70.12 20 2 1 20 0.50 6.00
70.12 20 2 1 10 0.50 6.00
70.12 20 1 5 20 0.50 6.00
70.12 20 1 10 10 0.50 6.00
70.12 20 1 1 5 0.50 6.00
70.12 10 8 1 5 0.50 6.00
70.12 10 8 1 20 0.50 6.00
70.12 10 4 10 10 0.50 6.00
70.12 10 4 1 20 0.50 6.00
70.12 10 2 5 20 0.50 6.00
70.12 10 2 1 10 0.50 6.00
70.12 10 1 5 20 0.50 6.00
70.12 10 1 5 10 0.50 6.00
58.32 20 8 5 5 0.90 6.00
58.32 20 8 5 20 0.90 6.00
58.32 20 8 5 10 0.90 6.00
58.32 20 8 10 10 0.90 6.00
58.32 20 4 5 20 0.90 6.00
58.32 20 4 10 20 0.90 6.00
58.32 20 2 5 10 0.90 6.00
58.32 20 2 10 20 0.90 6.00
58.32 20 2 10 10 0.90 6.00
58.32 20 1 5 5 0.90 6.00
58.32 20 1 5 10 0.90 6.00
58.32 20 1 10 20 0.90 6.00
58.32 20 1 1 5 0.90 6.00
58.32 20 1 1 20 0.90 6.00
58.32 20 1 1 10 0.90 6.00
58.32 10 8 5 20 0.90 6.00
58.32 10 8 1 10 0.90 6.00
58.32 10 4 5 10 0.90 6.00
58.32 10 4 1 20 0.90 6.00
58.32 10 2 5 5 0.90 6.00
58.32 10 2 10 20 0.90 6.00
58.32 10 2 10 10 0.90 6.00
58.32 10 2 1 10 0.90 6.00
58.32 10 1 5 20 0.90 6.00
58.32 10 1 1 5 0.90 6.00
58.32 10 1 1 20 0.90 6.00
58.32 10 1 1 10 0.90 6.00
55.33 5 4 5 10 0.90 6.00
55.33 5 4 10 20 0.90 6.00
55.33 5 4 1 20 0.90 6.00
55.33 5 4 1 10 0.90 6.00
55.33 5 2 5 5 0.90 6.00
55.33 5 2 5 20 0.90 6.00
55.33 5 2 10 20 0.90 6.00
55.33 5 2 1 5 0.90 6.00
55.33 5 2 1 20 0.90 6.00
55.33 5 1 1 5 0.90 6.00
